1745,994
